[[{"__ndarray__": [[39, -17, 21], [-17, 12, -20], [21, -20, 116]], "dtype": "int64", "shape": [3, 3], "Corder": true}, {"__ndarray__": [[99, 39, -18, 27], [39, 27, -18, -1], [-18, -18, 14, 8], [27, -1, 8, 27]], "dtype": "int64", "shape": [4, 4], "Corder": true}, {"__ndarray__": [[-0.8800829945987997, -0.12229157811740565, 0.45849323547583454, 0.01681206597847694], [-0.3771849655238195, 0.4613078212346726, -0.5806251616374281, -0.5547981772897463], [0.1858379117930905, -0.5003088369795766, 0.25286352497331205, -0.806979166966904], [-0.22056675846824225, -0.7224478746798395, -0.6234728642326645, 0.20174479174172616]], "dtype": "float64", "shape": [4, 4], "Corder": false}, {"__ndarray__": [[11.23753522955681, 0.0, 0.0], [0.0, 6.144028121506847, 0.0], [0.0, 0.0, 1.722997506267087], [0.0, 0.0, 0.0]], "dtype": "float64", "shape": [4, 3], "Corder": true}, {"__ndarray__": [[0.2664482847762067, -0.20447480857760592, 0.941910486297381], [0.8855818195068423, -0.3338102018229865, -0.3229792410014104], [0.38046044800842, 0.9201960670509562, 0.0921360173069354]], "dtype": "float64", "shape": [3, 3], "Corder": false}], [{"__ndarray__": [[354, -235, 173, 87, -169, -35, 200, 92, 68], [-235, 288, -2, -80, 86, 150, -192, -157, -151], [173, -2, 241, 20, -116, 18, 99, -96, -57], [87, -80, 20, 176, -29, -46, 25, -23, -18], [-169, 86, -116, -29, 385, -167, 33, -9, -94], [-35, 150, 18, -46, -167, 340, -167, -47, -90], [200, -192, 99, 25, 33, -167, 370, 37, -41], [92, -157, -96, -23, -9, -47, 37, 206, 138], [68, -151, -57, -18, -94, -90, -41, 138, 236]], "dtype": "int64", "shape": [9, 9], "Corder": true}, {"__ndarray__": [[274, 39, -40, 76, 16, 149, 72, -107], [39, 406, -23, 144, -277, 32, 181, 103], [-40, -23, 422, 139, 130, -99, -142, -1], [76, 144, 139, 214, -43, -64, -5, 20], [16, -277, 130, -43, 341, 23, -216, -245], [149, 32, -99, -64, 23, 284, 11, -111], [72, 181, -142, -5, -216, 11, 239, 73], [-107, 103, -1, 20, -245, -111, 73, 416]], "dtype": "int64", "shape": [8, 8], "Corder": true}, {"__ndarray__": [[0.010326031905949402, -0.3927310368929545, -0.4337625686866798, -0.3646719892224928, -0.5669140591731121, 0.04951572237450965, -0.1415914541896314, 0.42500421510729447], [0.5223596210853926, -0.010209029601565112, -0.4266353418196946, 0.24844237864658847, 0.4420648155704259, -0.13382136627346874, -0.47900146998296145, 0.20130326399362514], [-0.23148545133737722, 0.5716387664080814, -0.48877539918843294, -0.21077751020527297, 0.18351620389268655, 0.5331897804000658, 0.1131116036524771, 0.07450693258579655], [0.10224722179186926, 0.21538575887438083, -0.512337128919659, 0.06954711331983196, -0.29447359218188474, -0.5088935204363497, 0.2528928655776319, -0.5159323916701882], [-0.582178794088897, -0.022709507322079197, -0.059601926845107074, 0.010266220319504292, -0.03371310408831793, -0.06455185505991097, -0.7320267095651487, -0.34018778069084843], [-0.03003704806225386, -0.5062156730084786, -0.16008490552179122, -0.5442098636689476, 0.5230320464412237, -0.002730064632471452, 0.17903499697430897, -0.33974756872537226], [0.38845686380461386, -0.20849776441596446, -0.009359845843118806, 0.19791827093189282, -0.2693310195985036, 0.648524219052204, -0.10582335297639187, -0.5119074678722177], [0.415042989580074, 0.4150359706103074, 0.3149197059910639, -0.6485255214920894, -0.12472354089398238, -0.10778692016852694, -0.3076445998554038, -0.11792160539599889]], "dtype": "float64", "shape": [8, 8], "Corder": false}, {"__ndarray__": [[31.120291401796997, 0.0, 0.0, 0.0, 0.0, 0.0, 0.0, 0.0, 0.0], [0.0, 25.215805515711413, 0.0, 0.0, 0.0, 0.0, 0.0, 0.0, 0.0], [0.0, 0.0, 22.214398051170058, 0.0, 0.0, 0.0, 0.0, 0.0, 0.0], [0.0, 0.0, 0.0, 14.225313268891114, 0.0, 0.0, 0.0, 0.0, 0.0], [0.0, 0.0, 0.0, 0.0, 13.044709369806627, 0.0, 0.0, 0.0, 0.0], [0.0, 0.0, 0.0, 0.0, 0.0, 10.180672154197064, 0.0, 0.0, 0.0], [0.0, 0.0, 0.0, 0.0, 0.0, 0.0, 4.218097463158561, 0.0, 0.0], [0.0, 0.0, 0.0, 0.0, 0.0, 0.0, 0.0, 2.061242980454131, 0.0]], "dtype": "float64", "shape": [8, 9], "Corder": true}, {"__ndarray__": [[0.5362867080212207, -0.5100539178660022, 0.17308342139210414, 0.1402942512948824, -0.20916223968087033, -0.2653908662004906, 0.438916763921514, 0.22272399359875322, 0.21486312530361967], [0.24686678815848218, 0.09645305618859419, 0.3136650951488003, 0.025344936985527464, -0.6685089149855917, 0.5648773130658648, -0.21565461958890716, -0.13083336150327013, -0.03332577751055496], [0.11559746901199097, 0.19981067009653905, 0.4485102630648447, 0.0962557072251199, 0.2087962160211072, -0.056240768778908067, 0.44052888565838794, -0.4356469055625259, -0.5528774680727082], [0.04303361125131283, 0.0352907440024549, -0.0974526935052087, -0.6868916504352377, 0.0930746367560258, 0.40883955325505056, 0.4184899340075292, 0.3779297508614646, -0.14767570895874907], [0.1212987617894799, -0.18249164778474242, -0.4472789456458612, 0.5720828998844791, 0.14497380357211354, 0.41753974057007415, 0.051031328377536544, 0.21845902898274816, -0.42303750049054556], [0.5064284163178296, 0.15246127321840255, 0.3619883330762862, -0.011178371282499976, 0.5321329221297394, 0.0813854597161585, -0.4537294746579109, 0.3022939558629007, 0.04565302021148867], [0.15693808883997806, -0.2567735503816944, -0.15542300917010546, -0.06493729770171047, 0.35618470941012337, 0.408083428268741, 0.09624982530498717, -0.6105752268454309, 0.45343009111616256], [0.22808632895111558, -0.4674918223445888, -0.20838225984339362, -0.40617565551082724, -0.07349997921869142, -0.21709563212109714, -0.40644802895665183, -0.2607938197241163, -0.48505671437389647], [0.537031304037095, 0.5902060376237224, -0.5121761096343999, -0.04461547404814329, -0.14365095038059078, -0.2134077763813867, 0.09331116583922151, -0.1440000838256474, 0.05760062026220068]], "dtype": "float64", "shape": [9, 9], "Corder": false}], [{"__ndarray__": [[244, 123, -72, 48, -51, -2], [123, 338, -71, -43, -97, 192], [-72, -71, 211, 70, 113, 95], [48, -43, 70, 271, 20, 30], [-51, -97, 113, 20, 263, -51], [-2, 192, 95, 30, -51, 259]], "dtype": "int64", "shape": [6, 6], "Corder": true}, {"__ndarray__": [[208, 122, 148, -68, 128, 2, -20], [122, 262, 151, -136, 3, -59, -17], [148, 151, 252, -16, 4, -26, 58], [-68, -136, -16, 167, 20, -24, 65], [128, 3, 4, 20, 271, -53, -63], [2, -59, -26, -24, -53, 188, 138], [-20, -17, 58, 65, -63, 138, 238]], "dtype": "int64", "shape": [7, 7], "Corder": true}, {"__ndarray__": [[-0.5064276256509517, -0.025971264899000535, -0.31753252808199844, 0.21761263967255562, 0.37826793671042747, 0.6379697000884091, -0.21114548507515915], [-0.5651683101138506, -0.16788049620418724, 0.34342804232442886, -0.004510420001609459, -0.5648311883774255, 0.19178033857164928, 0.4226390735218388], [-0.4783451353903189, -0.361182631756659, -0.1438364705794314, -0.46335599528751414, 0.37581678115335526, -0.5100956694776005, 0.06252586914110428], [0.2806850318936263, 0.0344147732784247, -0.41825205677643434, -0.5723154513917389, -0.0244447075423609, 0.3948492584413787, 0.5109288568216552], [-0.25405162260285236, 0.46191882883374247, -0.6533311215830636, 0.20937024211635757, -0.3549735475140081, -0.3488707793219735, 0.060780554534118326], [0.1770483852458626, -0.44943057404970577, -0.19157609481761945, 0.6034648854446671, 0.20950616841663833, -0.11961208304004801, 0.5546123649064001], [0.14362913309832157, -0.6512660876857674, -0.3493760231527733, -0.048732685611734175, -0.47554626055766674, 0.06398096217657599, -0.4478245923388965]], "dtype": "float64", "shape": [7, 7], "Corder": false}, {"__ndarray__": [[24.306734988679747, 0.0, 0.0, 0.0, 0.0, 0.0], [0.0, 20.036642604743754, 0.0, 0.0, 0.0, 0.0], [0.0, 0.0, 17.207175450096894, 0.0, 0.0, 0.0], [0.0, 0.0, 0.0, 14.225136006672008, 0.0, 0.0], [0.0, 0.0, 0.0, 0.0, 9.132248178683687, 0.0], [0.0, 0.0, 0.0, 0.0, 0.0, 3.4461934281253157], [0.0, 0.0, 0.0, 0.0, 0.0, 0.0]], "dtype": "float64", "shape": [7, 6], "Corder": true}, {"__ndarray__": [[0.34515554158100353, 0.7041560739875627, -0.23590608966246254, -0.0832333825044191, -0.4096318500266359, 0.3932609107490105], [0.13503844357124964, -0.14921616857501388, -0.6055799434682952, -0.4050648878021323, -0.27990687374456896, -0.5919008908279931], [0.5877959643585202, -0.12296051351841311, -0.09363288903329982, 0.7568067134230424, -0.04311871317985594, -0.23663024654919107], [0.4386412913081963, 0.29643500805654377, 0.015476684245672945, -0.2952931918600966, 0.7795022041195311, -0.15703127209770648], [0.5444858052530667, -0.3616527706363783, 0.5481992860943568, -0.40613267680092047, -0.3170041717937995, 0.08236885330289549], [0.16809878225321415, -0.4981094559502473, -0.5177761543280812, -0.06400327257358351, 0.20947394798907776, 0.6384057248497214]], "dtype": "float64", "shape": [6, 6], "Corder": false}], [{"__ndarray__": [[242, 173, -156, 70, -54, -191, -61, 106], [173, 202, -161, 125, -140, -159, 39, 28], [-156, -161, 202, -72, 102, 166, -38, -52], [70, 125, -72, 167, -129, -88, -3, 53], [-54, -140, 102, -129, 201, 114, -97, 33], [-191, -159, 166, -88, 114, 199, 19, -87], [-61, 39, -38, -3, -97, 19, 164, -136], [106, 28, -52, 53, 33, -87, -136, 157]], "dtype": "int64", "shape": [8, 8], "Corder": true}, {"__ndarray__": [[162, -132, 83, -193, 75], [-132, 291, -22, 269, -211], [83, -22, 364, -110, -27], [-193, 269, -110, 428, -155], [75, -211, -27, -155, 289]], "dtype": "int64", "shape": [5, 5], "Corder": true}, {"__ndarray__": [[0.33662119809141194, 0.1324184949325214, -0.21182934483592727, 0.9078925878527149, 0.003299815720673992], [-0.5242556313155707, 0.22246804640779294, -0.0884544423431545, 0.1442172395118903, -0.8043887125132624], [0.19582597714802524, 0.8666372681281914, 0.4466141533710229, -0.0949710478656086, 0.04591655737661279], [-0.6465790358846754, -0.1015505187472257, 0.518638273109319, 0.37408740473488733, 0.4033559194824258], [0.3942460387345437, -0.4142470858808563, 0.6919929768220275, 0.07727580757064613, -0.43375521019883173]], "dtype": "float64", "shape": [5, 5], "Corder": false}, {"__ndarray__": [[29.570484617050397, 0.0, 0.0, 0.0, 0.0, 0.0, 0.0, 0.0], [0.0, 19.92059134487481, 0.0, 0.0, 0.0, 0.0, 0.0, 0.0], [0.0, 0.0, 12.626027223775043, 0.0, 0.0, 0.0, 0.0, 0.0], [0.0, 0.0, 0.0, 7.694790771099522, 0.0, 0.0, 0.0, 0.0], [0.0, 0.0, 0.0, 0.0, 6.643049865594729, 0.0, 0.0, 0.0]], "dtype": "float64", "shape": [5, 8], "Corder": true}, {"__ndarray__": [[0.45050435107429476, 0.4504356181066857, -0.4169169247567103, 0.29359711851022174, -0.31749038885270453, -0.4501626810535852, 0.004893741242920227, 0.17511155966221467], [0.294698266539338, -0.14816138260391665, 0.059284202699342474, -0.09952359925496851, 0.4583027194973634, -0.09820718633520595, -0.6170120167719035, 0.5266798932157525], [0.30154323194192145, 0.02799081478675012, -0.365510979745062, -0.7174545018402337, 0.32936256754527776, -0.12743268962316473, 0.2668807868779375, -0.25299171793436726], [0.5076740365908794, 0.4257975913630165, 0.576174594181375, 0.05918674618668877, 0.11754019355592354, 0.19857457774039947, -0.10170704401157016, -0.4023572629259022], [0.08446055422106828, -0.3371840329209998, 0.4166507261923487, -0.3507767556434774, -0.5081871402979594, -0.5438478793948514, -0.1457444536990975, -0.08523527155398526], [0.4736200369282628, -0.34364706331929484, -0.19086548480990123, -0.09343909642692041, -0.46084261976021673, 0.6193377282569906, -0.028610644331723126, 0.1251261270088363], [0.2778312898278404, -0.23556062268823427, 0.32467540874992945, 0.17473028455869782, 0.20072735608390496, -0.11780760171951946, 0.7121373481426866, 0.4123911600888101], [0.2299951368979805, -0.5529861670753233, -0.2040799840557121, 0.4725948398745367, 0.23651957858533715, -0.19700149045549598, -0.09221132184680056, -0.5225514207097677]], "dtype": "float64", "shape": [8, 8], "Corder": false}], [{"__ndarray__": [[114, -85, 95, 116, 112, 42, -19, 23, 55], [-85, 103, -109, -67, -44, -61, -7, -43, -41], [95, -109, 120, 77, 45, 55, 9, 57, 50], [116, -67, 77, 158, 134, 0, 33, 69, 89], [112, -44, 45, 134, 219, 54, -57, -105, 8], [42, -61, 55, 0, 54, 94, -65, -89, -37], [-19, -7, 9, 33, -57, -65, 154, 157, 69], [23, -43, 57, 69, -105, -89, 157, 286, 144], [55, -41, 50, 89, 8, -37, 69, 144, 95]], "dtype": "int64", "shape": [9, 9], "Corder": true}, {"__ndarray__": [[153, 42, 51, 108, -119], [42, 433, -55, -41, -132], [51, -55, 191, 225, 6], [108, -41, 225, 346, -97], [-119, -132, 6, -97, 220]], "dtype": "int64", "shape": [5, 5], "Corder": true}, {"__ndarray__": [[-0.32968373873098833, -0.18311728329781846, 0.4404219160339427, -0.8009638749582182, -0.14920489222170372], [0.03360206397954532, -0.8633747042036678, -0.4928748493768478, -0.07427007029673396, -0.070805091253472], [-0.4836585498660404, 0.18331105537051445, -0.4249465520368808, -0.209276928410708, 0.7128078698130184], [-0.7547148737646071, 0.08931957220981683, -0.1735573115498908, 0.2974713871227724, -0.5511951621608778], [0.2943796870924078, 0.4236404745749162, -0.5936338991737928, -0.46973904324450905, -0.40101542754957475]], "dtype": "float64", "shape": [5, 5], "Corder": false}, {"__ndarray__": [[24.021441977862526, 0.0, 0.0, 0.0, 0.0, 0.0, 0.0, 0.0, 0.0], [0.0, 22.860377931412195, 0.0, 0.0, 0.0, 0.0, 0.0, 0.0, 0.0], [0.0, 0.0, 13.214670010677839, 0.0, 0.0, 0.0, 0.0, 0.0, 0.0], [0.0, 0.0, 0.0, 7.76659049604811, 0.0, 0.0, 0.0, 0.0, 0.0], [0.0, 0.0, 0.0, 0.0, 2.9027598441438642, 0.0, 0.0, 0.0, 0.0]], "dtype": "float64", "shape": [5, 9], "Corder": true}, {"__ndarray__": [[0.31025834213206543, -0.28112170800582326, 0.3238240236540054, 0.42352782526292315, 0.12633785510167275, -0.054216502457102835, 0.28565362196764005, 0.5432840846155375, 0.3805473140724998], [0.32379622850439843, -0.20039106538555554, 0.20018669820646082, 0.24967958411441304, 0.5647137361360511, 0.312163651712957, -0.34095558086837835, -0.4602665999689886, -0.09022756814747515], [0.040518344855265204, -0.44564206811802437, 0.45153188064260535, -0.3534126441816121, -0.48354042522028523, 0.44173554136368226, -0.1548618095429589, 0.07065237073963276, -0.11429919368684613], [0.22726606857820605, 0.1679475777658758, -0.0643989610253037, 0.03687064244808287, -0.1938626934305409, -0.2350981784791192, -0.8339342822780782, 0.2496005508116649, 0.2530540558604524], [0.17621127635883582, 0.059768138121052757, 0.5655671605592106, -0.052395281002784046, -0.0653829489811994, -0.6863886887990611, 0.05560861254438254, -0.20262237861330862, -0.3510176191338063], [0.04474514047308663, -0.7586231083425948, -0.40779799728946703, -0.22110348761418977, 0.06729807059232923, -0.4075046600336346, -0.021661269441040392, -0.1388389067956476, 0.13026266608517917], [0.6318175699516256, 0.21849565069032756, -0.12198125006857546, -0.629707068369002, 0.25460399719881344, 0.07755333380849963, 0.16606824460294342, 0.20427911880765603, -0.038851723087869626], [0.48996778143872166, 0.10546192518624208, -0.16264719759315163, 0.23004791841069977, -0.538755678023232, 0.05375722600012971, 0.22573188795544974, -0.4946254118261379, 0.28403608331410535], [0.2707207995102322, -0.1267554597134988, -0.34573988227919716, 0.36185534504417854, -0.17279531112388175, 0.05584930071202025, -0.025053092215516395, 0.28104900131417193, -0.7399826908139218]], "dtype": "float64", "shape": [9, 9], "Corder": false}], [{"__ndarray__": [[228, 24, 73, 106, -68, 83, -35, -41, -15], [24, 212, 59, -31, 17, 106, 46, -56, -2], [73, 59, 293, -123, 64, 32, 81, 141, -42], [106, -31, -123, 334, -153, 104, -5, -159, -146], [-68, 17, 64, -153, 212, -8, 2, 3, 48], [83, 106, 32, 104, -8, 188, 91, -107, -1], [-35, 46, 81, -5, 2, 91, 191, 16, 47], [-41, -56, 141, -159, 3, -107, 16, 191, 13], [-15, -2, -42, -146, 48, -1, 47, 13, 247]], "dtype": "int64", "shape": [9, 9], "Corder": true}, {"__ndarray__": [[210, -84, -23, -143, -165, -110, -51, -67], [-84, 283, 0, -2, 54, 38, -21, 99], [-23, 0, 356, -19, -73, 8, -133, -52], [-143, -2, -19, 246, 77, 105, 26, -70], [-165, 54, -73, 77, 273, 34, 71, 126], [-110, 38, 8, 105, 34, 249, 11, 68], [-51, -21, -133, 26, 71, 11, 272, 120], [-67, 99, -52, -70, 126, 68, 120, 207]], "dtype": "int64", "shape": [8, 8], "Corder": true}, {"__ndarray__": [[0.43992056700324045, 0.33645538772353933, 0.06519177626730241, 0.0851593779557997, -0.1682190132158928, 0.10711612539776678, 0.7933706843630792, 0.11205818095233266], [-0.2542952093313907, -0.18665462477753197, 0.6029872402517321, 0.5662353301684464, -0.03696830460941001, -0.4065029779710352, 0.13146360656245182, 0.17995535565098486], [0.2821149447895213, -0.651327413812015, 0.25480484735301095, -0.5783702255494867, 0.07529617924511911, -0.218665354306429, 0.19698688222955657, 0.06677010074285761], [-0.27277836365802244, -0.3345034242695273, -0.5771139828042277, 0.20666953486395437, 0.06302015281110929, -0.2912180366017728, 0.42849724313441856, -0.4068626375162099], [-0.5001916159914838, -0.017977823189131707, 0.037439696819375284, -0.13371297250206854, 0.5821674392527445, 0.40019241675753514, 0.31427332189715196, 0.3638181367652477], [-0.29513932531240344, -0.3256898165791064, -0.12105732720096897, -0.009453118948749258, -0.7426835246098021, 0.36902656253850347, 0.060632169057865795, 0.31723650892263544], [-0.3451584160250913, 0.42522790482381506, -0.1211792080615233, -0.44049744705768573, -0.1882768943922465, -0.6005899320944924, 0.06692931789251846, 0.3011453243645474], [-0.36245517968174357, 0.16918053226973637, 0.4510314325904322, -0.2879140417461911, -0.18641008492783345, 0.1833470527219212, 0.15473539938890393, -0.6792440182106414]], "dtype": "float64", "shape": [8, 8], "Corder": false}, {"__ndarray__": [[26.25062919287551, 0.0, 0.0, 0.0, 0.0, 0.0, 0.0, 0.0, 0.0], [0.0, 21.458012734738734, 0.0, 0.0, 0.0, 0.0, 0.0, 0.0, 0.0], [0.0, 0.0, 18.703695144032796, 0.0, 0.0, 0.0, 0.0, 0.0, 0.0], [0.0, 0.0, 0.0, 14.90801045126039, 0.0, 0.0, 0.0, 0.0, 0.0], [0.0, 0.0, 0.0, 0.0, 14.47274060656363, 0.0, 0.0, 0.0, 0.0], [0.0, 0.0, 0.0, 0.0, 0.0, 11.847544942179374, 0.0, 0.0, 0.0], [0.0, 0.0, 0.0, 0.0, 0.0, 0.0, 4.690367115622056, 0.0, 0.0], [0.0, 0.0, 0.0, 0.0, 0.0, 0.0, 0.0, 1.5990882705447427, 0.0]], "dtype": "float64", "shape": [8, 9], "Corder": true}, {"__ndarray__": [[0.24332851307188613, 0.00990708347701639, -0.3219188655765332, 0.6732362775400434, -0.32577372369709623, 0.2377023023965001, -0.06971491932403329, -0.38909374816582415, -0.2548121358157669], [0.3387970804060961, 0.44285972563128817, 0.5792144162199202, 0.011780132327306273, 0.05482167762126492, 0.4707923672244455, 0.35295516484998746, -0.01587756292740846, -0.0631139879476157], [0.2331192862435509, -0.29410389595487063, 0.42693252390386033, 0.12418324014726971, -0.2547537847255607, -0.29096007222648795, -0.20873999181728312, 0.4244471884642935, -0.5368243523014823], [0.5618617733751562, -0.2600660702711612, -0.015084259739943642, -0.04677290000029576, -0.3806180081992881, -0.00382059029739099, 0.0038182237121444106, 0.1549191017109713, 0.6673549098223795], [0.4473909101128498, 0.21012882438886946, 0.010637460065590701, -0.18514831687236155, 0.38238717269867833, -0.04905830608487896, -0.7145019273845656, -0.24771756646774654, -0.02811639554893837], [0.11563514037090812, -0.6843209015584032, 0.15168640489616217, 0.22022563809328696, 0.603861187729664, 0.16353072771697333, 0.17876879806106463, -0.14943680179178595, 0.033838543909241195], [0.2447564428691768, 0.22926698657571284, 0.044525461018434624, 0.18536459295755026, 0.15829560856932506, -0.7725657658627726, 0.39971852804971564, -0.2603712305932679, 0.04129094182684165], [0.14685040137286687, -0.2795616002294207, -0.026714843095524802, -0.6192994746670352, -0.29363675696229163, 0.022832421197551415, 0.2080328388067185, -0.5315049999324025, -0.3217384926568617], [0.4012152167926895, 0.08048845869778375, -0.5937692048789837, -0.16832664441203887, 0.2427924566194203, 0.1032066059606023, 0.285397385286719, 0.4584893904152231, -0.30064640492078704]], "dtype": "float64", "shape": [9, 9], "Corder": false}], [{"__ndarray__": [[373, -115, 104, -92, -111, -82, 57, 226, -72], [-115, 302, -114, 67, 27, -44, 55, -61, -26], [104, -114, 403, 10, 30, 111, 108, 34, 98], [-92, 67, 10, 318, -172, -4, 107, -156, 36], [-111, 27, 30, -172, 285, 9, -16, -28, 129], [-82, -44, 111, -4, 9, 285, 66, -95, 28], [57, 55, 108, 107, -16, 66, 327, -53, 131], [226, -61, 34, -156, -28, -95, -53, 325, -6], [-72, -26, 98, 36, 129, 28, 131, -6, 269]], "dtype": "int64", "shape": [9, 9], "Corder": true}, {"__ndarray__": [[292, -51, -69, 107, -49, 92, -160, -18, -3], [-51, 248, 59, 99, 117, -35, 11, -3, 101], [-69, 59, 303, 67, 96, -153, -57, 78, 55], [107, 99, 67, 271, 100, -1, -13, -72, 146], [-49, 117, 96, 100, 447, -10, -162, 167, 4], [92, -35, -153, -1, -10, 421, -17, -36, -67], [-160, 11, -57, -13, -162, -17, 281, -124, 118], [-18, -3, 78, -72, 167, -36, -124, 201, -5], [-3, 101, 55, 146, 4, -67, 118, -5, 423]], "dtype": "int64", "shape": [9, 9], "Corder": true}, {"__ndarray__": [[0.1050126191819084, 0.26456915004808623, 0.4882968895946526, -0.5337930305599818, 0.07784149724097568, -0.12537219861635632, 0.11915918469675196, -0.2340621953248901, 0.5521278414793532], [-0.31023310070363797, -0.1488411213974535, 0.16295389021787074, 0.27186754809990454, -0.3740690064646941, -0.16413391390298768, 0.7755758023150565, -0.09837529796003223, 0.055432139467984656], [-0.42523981920102627, -0.08139848056815419, -0.1973037019385529, -0.25371502167884524, -0.1255209434640565, 0.7924114693393378, 0.03770958638285064, 0.030371755524027273, 0.2514546083799373], [-0.2621009805478022, -0.12133747638915311, 0.5213796873665699, -0.14518541383101694, -0.38699298234663565, 0.05198338006540513, -0.36843608959460505, -0.31954355335191953, -0.48305862505346536], [-0.5907297990628222, 0.36659699481874547, 0.05498185274770499, 0.4022432260571382, -0.012063470759924458, -0.23978712495978155, -0.3848313772005952, 0.12622504813938634, 0.36076444748545844], [0.3337428215577375, 0.32378504637552463, 0.4666757039991057, 0.5292079316173379, 0.10557880376231761, 0.5173016077413174, 0.07739543485886585, 0.025910591455586107, -0.02285773283407176], [0.202052596409831, -0.5370321688995959, -0.07054139619517838, 0.33523163785400834, -0.06378463050062176, 0.023517034996743482, -0.25052549465264423, -0.5350063777824489, 0.44698823305944935], [-0.2638537771744059, 0.25998400665058263, -0.1933381472034809, 0.03709563621663444, 0.5338249344000247, 0.03173641349963357, 0.1698221318369154, -0.666547519448458, -0.2548182930889763], [-0.26909461405766566, -0.5396995855057334, 0.40134985175288246, 0.009270121941180338, 0.6230281320054503, -0.00803691684333566, 0.03779254420049207, 0.29220732703070235, -0.010137246031809481]], "dtype": "float64", "shape": [9, 9], "Corder": false}, {"__ndarray__": [[27.71469591899026, 0.0, 0.0, 0.0, 0.0, 0.0, 0.0, 0.0, 0.0], [0.0, 25.509772772888176, 0.0, 0.0, 0.0, 0.0, 0.0, 0.0, 0.0], [0.0, 0.0, 22.962897350815396, 0.0, 0.0, 0.0, 0.0, 0.0, 0.0], [0.0, 0.0, 0.0, 19.020567062434218, 0.0, 0.0, 0.0, 0.0, 0.0], [0.0, 0.0, 0.0, 0.0, 15.245318474171581, 0.0, 0.0, 0.0, 0.0], [0.0, 0.0, 0.0, 0.0, 0.0, 13.342956545067956, 0.0, 0.0, 0.0], [0.0, 0.0, 0.0, 0.0, 0.0, 0.0, 11.626179134664625, 0.0, 0.0], [0.0, 0.0, 0.0, 0.0, 0.0, 0.0, 0.0, 5.348157422849675, 0.0], [0.0, 0.0, 0.0, 0.0, 0.0, 0.0, 0.0, 0.0, 2.201236752257783]], "dtype": "float64", "shape": [9, 9], "Corder": true}, {"__ndarray__": [[0.6008142112298509, -0.3140933664770574, 0.17763274946424887, -0.36738279661889656, -0.08010877295704338, -0.16561341503159493, -0.13504691166593202, 0.5511855743155997, -0.13399889312370225], [0.11755249101409418, -0.2100085407294335, 0.6592976163357179, 0.12539089714579724, 0.07161840784027448, 0.32951924168342867, 0.47540973644368484, -0.05706097620449744, 0.3856152242741783], [0.296107760502279, 0.07098899311894163, -0.03563372931100472, 0.5564467334297704, -0.677973495839678, -0.11340463421246101, 0.24242109233720593, -0.03461330059028009, -0.252790997678632], [0.15321516306166025, 0.4970966492919445, -0.17590884168637347, 0.007483203010280309, 0.2295098226325481, -0.480415761152058, 0.45908787943977547, 0.2678938737903429, 0.36389180431679774], [0.17211079179755753, 0.5025818430351157, -0.020093568202084158, -0.3716280593357455, 0.018144399845334624, 0.5234980937691305, 0.3086630174338144, -0.018100918344635307, -0.4574912298914282], [0.09226758935761802, -0.46066321340578287, -0.6837926734323801, -0.1409626202927599, -0.0967699594885705, 0.28946749327497573, 0.3688496292478993, -0.012626439790816867, 0.2499357607641747], [0.308315333420487, -0.2283291352434319, 0.03094758524434, -0.1372443704174941, 0.2895518828617142, -0.40526716419342707, 0.21899470997042708, -0.6672890962246771, -0.3028176064160179], [0.6126965704847629, 0.2517532664757573, -0.13149345337621612, 0.19121727905816424, 0.1258222911042474, 0.2677644448360284, -0.45066663499970105, -0.2749087165463066, 0.37571846381516205], [0.07387921503320379, -0.15743013611866263, -0.12383506420883712, 0.5711743152158896, 0.6056115770815399, 0.16293678333401632, 0.061937394689475594, 0.31406478450891145, -0.36386217850968594]], "dtype": "float64", "shape": [9, 9], "Corder": false}], [{"__ndarray__": [[29, -15, -31, 14, -41, 35, -6, -25], [-15, 70, 33, 36, 48, -81, 25, -44], [-31, 33, 85, 46, 83, -73, 14, 7], [14, 36, 46, 88, 32, -46, 14, -56], [-41, 48, 83, 32, 91, -89, 19, 8], [35, -81, -73, -46, -89, 113, -30, 29], [-6, 25, 14, 14, 19, -30, 9, -15], [-25, -44, 7, -56, 8, 29, -15, 74]], "dtype": "int64", "shape": [8, 8], "Corder": true}, {"__ndarray__": [[145, -69, 23], [-69, 318, 53], [23, 53, 96]], "dtype": "int64", "shape": [3, 3], "Corder": true}, {"__ndarray__": [[-0.2979934795865904, 0.8227060570563312, 0.48410187957360906], [0.9394154788254238, 0.16275050307195002, 0.3016800157336026], [0.16940615179820281, 0.544671476610123, -0.8213613932370283]], "dtype": "float64", "shape": [3, 3], "Corder": false}, {"__ndarray__": [[18.693452503268333, 0.0, 0.0, 0.0, 0.0, 0.0, 0.0, 0.0], [0.0, 12.106911499669101, 0.0, 0.0, 0.0, 0.0, 0.0, 0.0], [0.0, 0.0, 7.935838169168457, 0.0, 0.0, 0.0, 0.0, 0.0]], "dtype": "float64", "shape": [3, 8], "Corder": true}, {"__ndarray__": [[0.1551283308414479, -0.37410193359512295, -0.42040133297375776, -0.31091259784641306, -0.46352937124492477, 0.552297005230195, -0.14145188365605127, 0.1505952343277062], [0.35618906852394744, 0.20554122306220576, -0.25689182925349846, 0.46108787279125135, -0.3239038308524373, 0.02912519893057367, 0.06403281558470376, -0.6651500164537562], [0.17795244011989048, -0.48643826854765887, 0.4641379804164516, 0.6050830212472066, 0.09263518557132769, 0.31587500856293177, -0.14947445948753965, 0.1395001784997567], [0.5382672119368361, 0.019257995097291623, 0.5822575450129297, -0.537964962377556, -0.04752183261208536, 0.03825863975929727, -0.0004102160700049739, -0.27882821295547217], [0.31694248856158275, -0.28784802605446785, -0.4127730663248484, -0.10072305880951771, 0.7699480292877775, 0.052516321693787636, 0.026375915805743635, -0.19972634578043222], [0.0749746153835884, -0.6100333506886001, -0.07649908011217463, -0.03250219652270751, -0.2650891250059424, -0.7343529093996142, -0.05735637250387496, -0.049934185204281965], [0.04362361188149029, 0.20127230523012363, -0.05000473177115337, -0.0022340094332692394, 0.06378936608283073, -0.10300961257865006, -0.9694053772979362, -0.025575898676393895], [0.6478341859784791, 0.2920612495885226, -0.15520053790628888, 0.1548968965628643, -0.04717979383123026, -0.20058877430858796, 0.09907650017327585, 0.6282140528705324]], "dtype": "float64", "shape": [8, 8], "Corder": false}], [{"__ndarray__": [[50, -39, 14, 11, -16, 9, -64, -19], [-39, 126, -118, 132, -75, -80, 35, 95], [14, -118, 171, -197, 32, 53, 40, -71], [11, 132, -197, 303, -52, -49, -38, -2], [-16, -75, 32, -52, 215, 99, -1, -154], [9, -80, 53, -49, 99, 101, -11, -122], [-64, 35, 40, -38, -1, -11, 143, -28], [-19, 95, -71, -2, -154, -122, -28, 251]], "dtype": "int64", "shape": [8, 8], "Corder": true}, {"__ndarray__": [[386, 37, 33, 252, -80], [37, 150, 18, -28, 5], [33, 18, 324, 12, 105], [252, -28, 12, 390, -7], [-80, 5, 105, -7, 110]], "dtype": "int64", "shape": [5, 5], "Corder": true}, {"__ndarray__": [[0.7085869970663243, -0.02327401856317827, -0.46618203055655977, -0.3210838893237499, -0.42064502618163296], [0.01491445411498804, 0.08184143646424813, -0.6493119597861043, 0.7342879839826091, 0.17970718904207406], [0.06580525378033171, 0.9198244712155746, -0.060446135816802096, -0.2316519782815793, 0.3037700385998287], [0.6950409751577088, -0.009290542576477117, 0.5340909502916714, 0.39031019473432166, 0.2814898530559337], [-0.10133971617144161, 0.38287978179712223, 0.2686287675329042, 0.38951457667226713, -0.7869245925950321]], "dtype": "float64", "shape": [5, 5], "Corder": false}, {"__ndarray__": [[25.46502097647484, 0.0, 0.0, 0.0, 0.0, 0.0, 0.0, 0.0], [0.0, 19.192496803340436, 0.0, 0.0, 0.0, 0.0, 0.0, 0.0], [0.0, 0.0, 14.113933217526784, 0.0, 0.0, 0.0, 0.0, 0.0], [0.0, 0.0, 0.0, 10.766209180563695, 0.0, 0.0, 0.0, 0.0], [0.0, 0.0, 0.0, 0.0, 5.297773318386066, 0.0, 0.0, 0.0]], "dtype": "float64", "shape": [5, 8], "Corder": true}, {"__ndarray__": [[0.028424325668953088, -0.39720466390083087, 0.43007287791832594, -0.4994531577455509, 0.37537246587073547, 0.30368219314572764, 0.0560168861711367, -0.41320590687785963], [0.042865054947037386, 0.03617625704475295, -0.3118237721030121, 0.5997743632372452, 0.41285003966749123, 0.22848257160349109, -0.10732511543147734, -0.5529216876403487], [0.4317698609958848, -0.3301481469371321, -0.02401658427176728, 0.015761518941490384, -0.11061486589133304, 0.07987634914893664, -0.8138577706756899, 0.15090200731409018], [0.2834210604635733, -0.11330996192662625, 0.3468423960279726, 0.27242230485148694, -0.6900846186554485, -0.00300514508751115, 0.2030122886154781, -0.4414521423893448], [0.28947940027501123, -0.016172460361661884, 0.20525373611475806, 0.053020161375507295, 0.3380822649855506, -0.8586942339131954, -0.0009092362449502945, -0.1390814965293397], [0.1798296096759133, 0.5910448856648125, 0.6342853348794705, 0.21227237297196389, 0.20699602055015448, 0.2615775608325511, -0.12220494600745607, 0.21153152615999102], [0.7835711644220894, 0.12233330039299335, -0.3376507896007181, -0.20355707398791822, 0.09681419959726385, 0.18826002208771495, 0.3980325660364637, 0.11118681138947949], [0.021935199620477856, -0.5954172866772524, 0.19614222614667345, 0.47649631535979275, 0.1835155783214673, 0.08923639608340168, 0.3292418088250726, 0.4789940706973883]], "dtype": "float64", "shape": [8, 8], "Corder": false}], [{"__ndarray__": [[205, -62, 6, 88, 78, -20, -58, -26, 10], [-62, 174, -116, -22, -24, 37, 35, 144, -25], [6, -116, 353, 31, 56, -66, -136, -11, 157], [88, -22, 31, 117, 46, 121, 21, -35, 40], [78, -24, 56, 46, 175, -29, -85, 114, 87], [-20, 37, -66, 121, -29, 258, 131, -74, 2], [-58, 35, -136, 21, -85, 131, 222, -68, -89], [-26, 144, -11, -35, 114, -74, -68, 271, 77], [10, -25, 157, 40, 87, 2, -89, 77, 175]], "dtype": "int64", "shape": [9, 9], "Corder": true}, {"__ndarray__": [[319, -139, 33, 125, -16, -83, -34], [-139, 227, 32, 59, 3, 57, 24], [33, 32, 268, 89, -150, 50, 76], [125, 59, 89, 440, -80, -129, -14], [-16, 3, -150, -80, 348, 105, -24], [-83, 57, 50, -129, 105, 219, 66], [-34, 24, 76, -14, -24, 66, 129]], "dtype": "int64", "shape": [7, 7], "Corder": true}, {"__ndarray__": [[0.396960221978333, 0.4971109771583583, 0.21703080159683852, 0.45949306491608977, -0.3407025111023948, 0.47007201212357796, -0.004595144659273528], [-0.06421076737284215, -0.45930771083149996, -0.49466595924853934, -0.09229686540356631, -0.48351189147293483, 0.5061155585286218, -0.20436138025821585], [0.29075492579124224, -0.48752394400475874, 0.2611821087960633, 0.4473385092907278, -0.16839531293475657, -0.4143485543595167, -0.45761603488333813], [0.665914654076514, -0.025819255121604722, -0.614929980871627, 0.10717239659280255, 0.2428051646174368, -0.17721213720337303, 0.2755136041066032], [-0.4353108306700688, 0.39027530439185687, -0.5019186133990005, 0.4459220672065993, 0.08903122754156495, -0.1886996808964992, -0.4048292898704312], [-0.34652559635233854, -0.27254742428647505, 0.00040103740044598906, 0.54304529306953, -0.14472585499491242, -0.048225740776008635, 0.6981892768111616], [-0.027263490396119826, -0.2774418165004156, 0.09962825543813776, 0.2738705298092889, 0.7307219633813715, 0.5309022387572957, -0.14676549077786608]], "dtype": "float64", "shape": [7, 7], "Corder": false}, {"__ndarray__": [[25.83955373795131, 0.0, 0.0, 0.0, 0.0, 0.0, 0.0, 0.0, 0.0], [0.0, 21.459119587195215, 0.0, 0.0, 0.0, 0.0, 0.0, 0.0, 0.0], [0.0, 0.0, 18.509389135886632, 0.0, 0.0, 0.0, 0.0, 0.0, 0.0], [0.0, 0.0, 0.0, 16.56254439352985, 0.0, 0.0, 0.0, 0.0, 0.0], [0.0, 0.0, 0.0, 0.0, 9.529420908704205, 0.0, 0.0, 0.0, 0.0], [0.0, 0.0, 0.0, 0.0, 0.0, 8.346757311787592, 0.0, 0.0, 0.0], [0.0, 0.0, 0.0, 0.0, 0.0, 0.0, 6.6655881749120365, 0.0, 0.0]], "dtype": "float64", "shape": [7, 9], "Corder": true}, {"__ndarray__": [[0.1583006921466034, -0.1877215131855065, 0.5785338158642555, 0.01679955906955438, 0.3150718713285286, -0.32151219520768787, -0.47123130626992155, 0.20713418580782167, 0.3702891199603483], [0.20179800962339017, -0.4746862699550494, 0.3224542277351525, 0.2705262989771792, -0.12188755457502877, 0.28113814785703123, 0.1052132726088789, -0.6720192380945591, 0.014641644805564926], [0.25212594823383483, 0.20409704558937608, -0.08439901327261286, 0.4754796993709914, 0.3728411671629474, 0.5869364321877489, 0.11731658486307679, 0.2850217586062042, 0.2882139291046445], [0.6893523108174366, -0.1648296410049868, -0.46798718730898003, 0.073125183152279, 0.2415072269501923, -0.30171653390493836, -0.17368753962218877, -0.07536945102684595, -0.29674695963315967], [0.22480768628029021, 0.47451230814762113, 0.0632231710336255, 0.141656552699566, -0.5456327552492951, 0.17397514333710176, -0.5991986602116645, -0.10346509836271174, -0.05009301596715625], [0.3850253550394562, 0.2472876003790779, 0.4636660808952401, 0.16394434208974962, -0.24355119913990575, -0.27289852203707465, 0.5488246631000536, 0.24019653280044662, -0.23674176156892232], [0.23544551245834705, -0.07915187105586495, -0.29187637852673404, -0.10546297010107278, -0.39933381455843425, -0.19287919961562125, 0.21521376738426448, -0.01360216089845118, 0.7738309040224309], [0.3448266083407224, 0.25519487422917575, 0.17506241949612966, -0.7657611081613955, 0.2231024767330434, 0.31886700720111705, 0.08753863414401378, -0.1932542855022634, 0.04972068097257206], [0.1494033232070099, -0.5593805803047209, 0.019094999358218706, -0.22505159495262744, -0.3496603531414829, 0.3720813085018018, -0.0933442948886494, 0.5591386027442736, -0.17805385937666748]], "dtype": "float64", "shape": [9, 9], "Corder": false}], [{"__ndarray__": [[170, -71, -1, -70, -1, 7, -63, -70, -29], [-71, 277, -128, -53, -126, 104, -46, -35, 161], [-1, -128, 159, 1, 157, -102, 14, 58, 29], [-70, -53, 1, 395, -200, -39, 195, -98, -144], [-1, -126, 157, -200, 320, -107, -111, 141, 44], [7, 104, -102, -39, -107, 176, -30, -35, 109], [-63, -46, 14, 195, -111, -30, 258, -19, -118], [-70, -35, 58, -98, 141, -35, -19, 111, 26], [-29, 161, 29, -144, 44, 109, -118, 26, 328]], "dtype": "int64", "shape": [9, 9], "Corder": true}, {"__ndarray__": [[195, 72, 19, -115, 66, 116, -98], [72, 250, -13, -101, 196, -52, 26], [19, -13, 341, 33, -140, 123, -48], [-115, -101, 33, 262, -60, -147, 225], [66, 196, -140, -60, 414, -47, 39], [116, -52, 123, -147, -47, 372, -209], [-98, 26, -48, 225, 39, -209, 360]], "dtype": "int64", "shape": [7, 7], "Corder": true}, {"__ndarray__": [[0.2807492025544649, -0.21238744113455169, -0.1643067692992322, 0.08528155514200399, 0.704071021182901, 0.5875464500017893, -0.029579862222832057], [-0.005888715432900704, -0.46453283081040925, -0.4194412911908403, -0.4242543521544586, 0.1390532627306646, -0.3608764214660034, 0.5279055015870051], [0.2235317086718341, 0.3724158666298381, -0.7873820367090592, -0.16870683882431392, -0.2725590578503528, 0.14565106402270236, -0.25962445153563807], [-0.4321324566540993, 0.297922930588763, -0.1795590310305898, 0.3518077742279517, -0.08809355553814918, 0.3517487936503974, 0.6610640085058053], [-0.09688474175490779, -0.7082643057195501, -0.19395864120919934, 0.4108238426865371, -0.45193058595676955, 0.20856135542166634, -0.18665407132094824], [0.5778874437391135, 0.09375234497585332, -0.10137622239161118, 0.6403323270982361, 0.0682870623909367, -0.434909975128973, 0.20771173108444801], [-0.5840374753418512, 0.034947742623341285, -0.3113892716259623, 0.28583714718431585, 0.4404485160578773, -0.38336849869639106, -0.3715459976871266]], "dtype": "float64", "shape": [7, 7], "Corder": false}, {"__ndarray__": [[28.38115508633591, 0.0, 0.0, 0.0, 0.0, 0.0, 0.0, 0.0, 0.0], [0.0, 25.797136948676776, 0.0, 0.0, 0.0, 0.0, 0.0, 0.0, 0.0], [0.0, 0.0, 17.54799385639173, 0.0, 0.0, 0.0, 0.0, 0.0, 0.0], [0.0, 0.0, 0.0, 13.611838239099074, 0.0, 0.0, 0.0, 0.0, 0.0], [0.0, 0.0, 0.0, 0.0, 11.128060866395836, 0.0, 0.0, 0.0, 0.0], [0.0, 0.0, 0.0, 0.0, 0.0, 9.38865092605073, 0.0, 0.0, 0.0], [0.0, 0.0, 0.0, 0.0, 0.0, 0.0, 4.221732787346841, 0.0, 0.0]], "dtype": "float64", "shape": [7, 9], "Corder": true}, {"__ndarray__": [[0.0639522521182877, 0.05095372596354303, 0.1271397417561973, -0.6288455821314339, 0.4728202923806511, 0.019924844838555264, -0.4170948807374991, 0.210719561698449, 0.37333047774163436], [0.04675804454764324, -0.5730054103995214, 0.3579998837932547, 0.08085895838747902, 0.4263968904529278, -0.40085740804424463, 0.12600778699204368, 0.16471769722630936, -0.38634899384030696], [0.6388763484058637, -0.22290425659425847, -0.2779756731642691, -0.26557882543145866, -0.16479575420081247, 0.09382694814905626, -0.3157094886910449, -0.2959999060238802, -0.41364060974930966], [0.3872186590279003, -0.26200922465952114, 0.42810824506254824, 0.37247944543489564, -0.058313138147181934, 0.09282338157222542, -0.11404983378159085, -0.3226943890295124, 0.5746648014174128], [0.15146229321397017, -0.29289098830004834, 0.029200796336718675, -0.3636005429099795, -0.05225034937984128, 0.5025219255507316, 0.684339079916182, 0.14909661216300837, 0.11139048732864251], [0.31594404728790937, 0.42493291395744276, 0.17495638912041514, -0.29166901426650765, -0.07831223125436228, -0.5963333219929692, 0.42179457504081674, -0.24192475707376093, 0.0758046010440875], [0.08975291550126568, 0.3217585905283714, -0.0860122470538992, 0.21514448534981243, 0.7128954003686414, 0.3195097385171959, 0.17167690341468264, -0.4097668604573274, -0.16444574604202955], [0.4937955734572478, 0.09353736201134533, -0.4347372453435661, 0.3448984546387033, 0.16448254176277638, -0.14070530470767662, 0.08816276530955869, 0.5881119751430932, 0.19739407090778163], [0.24692386433484773, 0.4148523050269787, 0.60602592450785, 0.07889075114992737, -0.14117838806312033, 0.3024408871997113, -0.1183122143199815, 0.3770620245813003, -0.35476699465742045]], "dtype": "float64", "shape": [9, 9], "Corder": false}], [{"__ndarray__": [[215, 32, -78, -24, -19, 61, 37, 17], [32, 442, -58, 92, 96, -52, 27, -53], [-78, -58, 246, 114, 111, -113, 99, -90], [-24, 92, 114, 593, -34, -15, -45, 67], [-19, 96, 111, -34, 246, -170, 112, -73], [61, -52, -113, -15, -170, 332, -81, -4], [37, 27, 99, -45, 112, -81, 211, -102], [17, -53, -90, 67, -73, -4, -102, 116]], "dtype": "int64", "shape": [8, 8], "Corder": true}, {"__ndarray__": [[317, 73, -16, 57, -95, 54, 137, -60], [73, 261, 149, -57, 50, -19, 73, -130], [-16, 149, 210, -86, 111, 123, 70, -9], [57, -57, -86, 240, -146, -13, -105, 25], [-95, 50, 111, -146, 484, 68, -89, 102], [54, -19, 123, -13, 68, 237, 105, 147], [137, 73, 70, -105, -89, 105, 341, -22], [-60, -130, -9, 25, 102, 147, -22, 311]], "dtype": "int64", "shape": [8, 8], "Corder": true}, {"__ndarray__": [[-0.2671408706951952, -0.40886942904554086, 0.2138776010445921, 0.5812848742206609, -0.4730534157733749, 0.07530528080449587, 0.3285836628260719, -0.20101783254668937], [0.08548668203468701, -0.44613230262001236, -0.3769053855906812, 0.2781713603694041, 0.2896166922887156, -0.5562996319740163, 0.06879228742087651, 0.4196921878488597], [0.31189354148843335, -0.33876609711680983, 