[[{"__ndarray__": [301.0, 274.0, 238.0, 113.0, 289.0, 141.0, 191.0], "dtype": "float64", "shape": [7]}, {"__ndarray__": [[0.42490896795238187, 0.5246787493488356, 0.6397418497094302, 0.09463785955713643, 0.2719717884069977, 0.04270656297081953, 0.22393328469457782], [-0.377168715161583, -0.5202166219727203, 0.5642787457869571, -0.17953799080794575, 0.4225567154287936, -0.22995936528599112, -0.07098271620395696], [-0.483835495001831, 0.3465355445708032, -0.011304245255360727, 0.2618386110244419, 0.32190172733152933, 0.5111638558361321, -0.4606732859294792], [-0.0697171744573849, 0.13092270637200706, -0.1261005363984309, 0.6571127875983893, 0.1424832679862005, -0.7020067254883703, -0.13109262126328527], [0.45751147009920995, -0.5384205023563067, -0.11025160141701548, 0.48700916692188023, 0.31708595456787286, 0.38598931854288426, 0.043840808337242715], [0.03769643270768459, -0.16282768943949052, 0.4865054873149788, 0.3074032277974426, -0.6977332447119495, 0.09570901445928194, -0.38064404978931216], [-0.47697074575679144, -0.021207161631363505, 0.08630021286236547, 0.3560595995340166, -0.19020983539553035, 0.18178267292113295, 0.7540545584848565]], "dtype": "float64", "shape": [7, 7], "Corder": false}, {"__ndarray__": [301.0, 242.74086378737542, 203.71704646547596, 97.72373003857817, 167.03350203746896, 122.53196747108775, 6.160602172160935], "dtype": "float64", "shape": [7]}, {"__ndarray__": [[1.0, 0.0, 0.0, 0.0, 0.0, 0.0, 0.0], [-0.3222591362126246, 1.0, 0.0, 0.0, 0.0, 0.0, 0.0], [-0.26578073089701, 0.2316019982207623, 1.0, 0.0, 0.0, 0.0, 0.0], [-0.019933554817275746, -0.07799904194894956, 0.25913572604572266, 1.0, 0.0, 0.0, 0.0], [0.2159468438538206, -0.16088414425511532, -0.656201657204305, 0.377499887829953, 1.0, 0.0, 0.0], [0.11295681063122924, 0.1357695202901526, -0.20418673384667865, 0.09237707843067178, -0.07030561011194728, 1.0, 0.0], [-0.4451827242524917, 0.2999794703346335, 0.5817910555254946, 0.1974507048255362, -0.10092918848600968, 0.4854446493912164, 1.0]], "dtype": "float64", "shape": [7, 7], "Corder": true}, "+"], [{"__ndarray__": [191.0, 283.0, 231.0, 126.0, 287.0, 219.0], "dtype": "float64", "shape": [6]}, {"__ndarray__": [[0.21506057523412878, 0.5640260902514751, 0.7569067753995443, 0.06082629172221565, 0.2192502829213006, 0.10461896350144859], [-0.5101628493599648, -0.27073445809025326, 0.5289442611217039, -0.019183956625865098, -0.39478603356728015, -0.4800319285946557], [0.4337113070375342, 0.3999784027062888, -0.16103358620600897, -0.2661271857773702, -0.6870614876123526, -0.2882755571672167], [-0.24385443567247056, 0.33937592306283115, -0.18242667333865334, 0.8488229251562021, -0.2629966990875987, 0.04911093463781895], [0.5413511645935037, -0.28348070181055024, 0.031466131484746265, 0.3977369202803189, 0.27743365015919225, -0.624838701481361], [0.3909619534645277, -0.5030480838180247, 0.2951417922258507, 0.21543779382669578, -0.4217619226618479, 0.5316823641758245]], "dtype": "float64", "shape": [6, 6], "Corder": false}, {"__ndarray__": [191.0, 236.73821989528795, 47.54884224959639, 103.98288338319344, 79.8817899483605, -1.1554733280639482], "dtype": "float64", "shape": [6]}, {"__ndarray__": [[1.0, 0.0, 0.0, 0.0, 0.0, 0.0], [-0.49214659685863876, 1.0, 0.0, 0.0, 0.0, 0.0], [0.6282722513089005, -0.6756087312294048, 1.0, 0.0, 0.0, 0.0], [-0.05235602094240838, 0.3002410597784019, -0.056699578049651804, 1.0, 0.0, 0.0], [0.10471204188481675, -0.4357431939314859, 0.31001257665059234, -0.8380715712021347, 1.0, 0.0], [0.3403141361256545, -0.802618484198421, -0.1937046049889865, -0.6353943911123457, 0.8588811697584521, 1.0]], "dtype": "float64", "shape": [6, 6], "Corder": true}, "+"], [{"__ndarray__": [137.0, 162.0, 232.0, 214.0, 235.0], "dtype": "float64", "shape": [5]}, {"__ndarray__": [[0.26928256480148155, 0.13353990807502739, 0.691262081345949, 0.2113072347780344, 0.6222218098628299], [0.03356919924230328, 0.5698666738860241, -0.161082890373835, -0.7485717358849748, 0.29634058365211297], [0.7336107355071934, 0.07217805438661332, 0.28338893302368406, -0.20238088859640943, -0.579084023077984], [0.16342548171559185, 0.7156532784223738, -0.321609546508075, 0.5941114647508164, -0.06878491154202275], [-0.6012215979410481, 0.3742322547478554, 0.5589875218255277, -0.03260601397259982, -0.43006116770957326]], "dtype": "float64", "shape": [5, 5], "Corder": false}, {"__ndarray__": [137.0, 162.0, 176.7936379201586, 167.50925158992987, 144.1157866420811], "dtype": "float64", "shape": [5]}, {"__ndarray__": [[1.0, 0.0, 0.0, 0.0, 0.0], [0.0, 1.0, 0.0, 0.0, 0.0], [0.6204379562043796, 0.12345679012345678, 1.0, 0.0, 0.0], [0.12408759124087591, 0.5185185185185185, 0.0683406061230076, 1.0, 0.0], [0.051094890510948905, 0.2222222222222222, -0.6832118596508755, 0.004294758902748023, 1.0]], "dtype": "float64", "shape": [5, 5], "Corder": true}, "+"], [{"__ndarray__": [233.0, 193.0, 225.0, 211.0], "dtype": "float64", "shape": [4]}, {"__ndarray__": [[0.5473129386769368, 0.3689722337805046, 0.6792466570004058, 0.3208301993416662], [-0.43555139487561245, 0.5969253155502862, 0.3094046658331878, -0.5985347966808217], [-0.5733224861873145, 0.35739260949208707, -0.078437218222244, 0.7330889798039449], [-0.4266671494393725, -0.6162874175534105, 0.6608633251376436, 0.037478367662496584]], "dtype": "float64", "shape": [4, 4], "Corder": false}, {"__ndarray__": [233.0, 160.51502145922746, -4.436363636363637, 61.17765188042412], "dtype": "float64", "shape": [4]}, {"__ndarray__": [[1.0, 0.0, 0.0, 0.0], [-0.37339055793991416, 1.0, 0.0, 0.0], [-0.6995708154506438, -0.08636363636363639, 1.0, 0.0], [-0.703862660944206, 0.8146524064171123, -0.6851012536161988, 1.0]], "dtype": "float64", "shape": [4, 4], "Corder": true}, "+"], [{"__ndarray__": [226.0, 129.0, 192.0, 53.0, 122.0], "dtype": "float64", "shape": [5]}, {"__ndarray__": [[0.2099060313304527, 0.8773455097580868, 0.22202067230945496, 0.17687697543325984, 0.3250010325326076], [-0.5318139287061003, 0.11143900611980273, -0.3807507660148185, 0.7413755195266534, -0.10072976906022812], [0.7204634069519749, -0.21575319673774562, 0.13216523733350055, 0.5780227962014076, -0.2877586392320509], [-0.21470952078846853, 0.29770194051700566, 0.3654740778851423, -0.12602275188124307, -0.8460616648315178], [0.3285509156450789, 0.28752446353694083, -0.8091333163830126, -0.26283985178802577, -0.2925789933123215]], "dtype": "float64", "shape": [5, 5], "Corder": false}, {"__ndarray__": [226.0, 128.36283185840708, 89.28114443295415, -30.98242425038011, 7.216269829797184], "dtype": "float64", "shape": [5]}, {"__ndarray__": [[1.0, 0.0, 0.0, 0.0, 0.0], [-0.05309734513274336, 1.0, 0.0, 0.0, 0.0], [0.017699115044247787, -0.8942433643571183, 1.0, 0.0, 0.0], [0.30973451327433627, -0.16580489486384006, 0.2433740559047986, 1.0, 0.0], [0.2743362831858407, 0.24377800758359186, -0.4157053581287745, -0.4174651207119558, 1.0]], "dtype": "float64", "shape": [5, 5], "Corder": true}, "+"], [{"__ndarray__": [106.0, 288.0, 154.0, 284.0, 246.0, 280.0], "dtype": "float64", "shape": [6]}, {"__ndarray__": [[0.04185373736031693, 0.417759724838802, 0.036856363819372864, 0.5177547805143432, 0.7219744460309903, 0.1817954123469155], [0.5260940480482806, 0.19969008377409525, -0.5522146643417487, -0.4990826307574867, 0.15881046735748106, 0.32265097345317695], [0.34153233413040957, 0.19530489921042882, 0.46127324774772344, 0.18992665014927804, -0.4504989272495076, 0.6272298112416397], [0.5213782280883508, -0.15292204334770257, 0.6112734062848365, -0.30790030087807074, 0.33626290011933047, -0.3510684853775398], [-0.5146417201042972, -0.2059682673351018, 0.2694259895001748, -0.471005164800982, 0.3389958951237395, 0.5323218263240507], [0.26103184714537037, -0.825620130931076, -0.18623110050417488, 0.36072970759808115, 0.1503060091133351, 0.2506270796678961]], "dtype": "float64", "shape": [6, 6], "Corder": false}, {"__ndarray__": [106.0, 282.10377358490564, 120.69671939270307, 112.26992176092503, 60.84244981455362, 126.33578998345811], "dtype": "float64", "shape": [6]}, {"__ndarray__": [[1.0, 0.0, 0.0, 0.0, 0.0, 0.0], [0.2358490566037736, 1.0, 0.0, 0.0, 0.0, 0.0], [0.29245283018867924, 0.29311440323713345, 1.0, 0.0, 0.0, 0.0], [-0.009433962264150943, 0.5077416981573756, 0.905641536586839, 1.0, 0.0, 0.0], [-0.4245283018867924, -0.7032404775440592, -0.46140107735965424, 0.08675101984697452, 1.0, 0.0], [-0.7452830188679245, 0.25746580610641073, 0.048172528270854935, 0.5977624432110638, -0.7658984355631981, 1.0]], "dtype": "float64", "shape": [6, 6], "Corder": true}, "+"], [{"__ndarray__": [251.0, 227.0, 272.0, 229.0, 256.0, 139.0], "dtype": "float64", "shape": [6]}, {"__ndarray__": [[0.21593734995968392, 0.5057807825654799, 0.6486171767671656, 0.4357432807879771, 0.2902056590516286, 0.05254605203982144], [-0.1581664884383206, -0.554703090490032, 0.6198542654203987, 0.02887905621324821, -0.26046956275701105, -0.4630228287735279], [0.5102924275844177, -0.47371287244159443, 0.24084365150490902, -0.28698445117905463, 0.23624967573831449, 0.5648168763926192], [-0.2751903030154783, 0.40627654601004354, 0.3485012241891003, -0.7834512049993556, -0.12290565022166866, 0.09410086373537184], [-0.6271273731558407, -0.20928182648030744, 0.022642244584702438, 0.014005467172933047, 0.7458857516842174, 0.07653754652212497], [0.4460242326851599, 0.05680564354540494, -0.12290243557951334, -0.336068109787502, 0.46975634069502653, -0.6701624430004295]], "dtype": "float64", "shape": [6, 6], "Corder": false}, {"__ndarray__": [251.0, 209.64541832669323, 230.53672488170122, 171.6890422636151, 36.337541960929826, 0.6674362488170402], "dtype": "float64", "shape": [6]}, {"__ndarray__": [[1.0, 0.0, 0.0, 0.0, 0.0, 0.0], [-0.26294820717131473, 1.0, 0.0, 0.0, 0.0, 0.0], [-0.11952191235059761, 0.42505843674578586, 1.0, 0.0, 0.0, 0.0], [0.20318725099601592, -0.10775165808327473, -0.4394200743825381, 1.0, 0.0, 0.0], [-0.4581673306772908, 0.36137663670397746, -0.7762227628174359, 0.06346720363174795, 1.0, 0.0], [0.13545816733067728, -0.3055624180460272, 0.6909653416478493, 0.14669299724532298, 0.10390621924042086, 1.0]], "dtype": "float64", "shape": [6, 6], "Corder": true}, "+"], [{"__ndarray__": [106.0, 110.0, 74.0], "dtype": "float64", "shape": [3]}, {"__ndarray__": [[0.35971554736474143, 0.880365015711545, 0.3091313055892194], [0.684559134501749, -0.4741334432254031, 0.5536932990252275], [-0.6340217002235026, -0.012446570870502573, 0.7732150842548695]], "dtype": "float64", "shape": [3, 3], "Corder": false}, {"__ndarray__": [106.0, 109.99056603773585, 0.39660348228835574], "dtype": "float64", "shape": [3]}, {"__ndarray__": [[1.0, 0.0, 0.0], [0.009433962264150943, 1.0, 0.0], [-0.40566037735849053, -0.7145552791834635, 1.0]], "dtype": "float64", "shape": [3, 3], "Corder": true}, "+"], [{"__ndarray__": [127.0, 299.0, 229.0, 73.0, 330.0, 335.0, 237.0], "dtype": "float64", "shape": [7]}, {"__ndarray__": [[0.334465239831932, 0.17734306593397436, 0.05682104653003345, 0.22575802844472495, 0.6563837088691542, 0.4852855162574585, 0.3689790183942632], [0.5852651117405886, 0.19028838046051433, 0.16788515130143833, -0.22314473143545305, 0.1249072928364359, -0.7013979744557004, 0.1889844852674346], [-0.2274579287369388, 0.11357838687447165, -0.8604070546076562, -0.19104722916678316, 0.21063425425603757, -0.19164370770459993, 0.2783332490558833], [0.0686444889857516, -0.3118718661892367, -0.007602459110950834, 0.3556797301601417, -0.46991305103670045, -0.026178426058914274, 0.7415891179451461], [0.3927410833572544, -0.6246678039630228, -0.3305319748490657, 0.39155566619189597, 0.1689177770353249, -0.1197521833236292, -0.38743199300193304], [-0.5404452309344807, -0.41932151402043183, 0.344502382053931, 0.015916188842265293, 0.5094686486562742, -0.34806775881571106, 0.18012144581101705], [0.2069347020525498, -0.5060980744017073, 0.017163041750029133, -0.7633239563986, -0.016793182087459873, 0.31564929638558714, 0.1347896379023371]], "dtype": "float64", "shape": [7, 7], "Corder": false}, {"__ndarray__": [157.0, 101.94904458598725, 182.8308759215294, 133.00535745223382, 44.429375958879746, 30.664364733335276, 1.4395737242795015], "dtype": "float64", "shape": [7]}, {"__ndarray__": [[1.0, 0.0, 0.0, 0.0, 0.0, 0.0, 0.0], [-0.07006369426751592, 1.0, 0.0, 0.0, 0.0, 0.0, 0.0], [-0.4140127388535032, 0.05679120329876306, 1.0, 0.0, 0.0, 0.0, 0.0], [0.445859872611465, -0.3071348244408348, -0.01589466342672598, 1.0, 0.0, 0.0, 0.0], [0.8089171974522293, -0.8324378358115708, -0.04865173519191384, 0.19315239376509694, 1.0, 0.0, 0.0], [-0.9745222929936306, 0.33724853180057507, -0.4925466214186689, -0.18547340662241663, 0.6530633393355955, 1.0, 0.0], [-0.019108280254777073, -0.0322379107834562, -0.23944852208744494, 0.47281297967592223, -0.6662726216575122, -0.22954435145431987, 1.0]], "dtype": "float64", "shape": [7, 7], "Corder": true}, "+"], [{"__ndarray__": [87.0, 103.0, 166.0, 108.0, 138.0], "dtype": "float64", "shape": [5]}, {"__ndarray__": [[0.2555130579760496, 0.445986484388804, 0.13226594121993593, 0.7620840460806324, 0.3708675780501981], [-0.1395200433752089, -0.26318734305632907, 0.9538248695143946, 0.018922113524599993, 0.033565635211336375], [0.47615203920914934, 0.6423878965563923, 0.2610432560608264, -0.5310045257891026, -0.1025067703689525], [-0.5864228175475606, 0.29814328048222605, -0.021563855502540728, -0.30834443540378015, 0.6867878658321408], [0.5870560018574518, -0.4798717045821878, -0.06415027427907394, -0.20451836855438874, 0.6157478193695045]], "dtype": "float64", "shape": [5, 5], "Corder": false}, {"__ndarray__": [87.0, 96.91954022988506, 91.22201138519925, -114.83034488496901, 3.866491170674905], "dtype": "float64", "shape": [5]}, {"__ndarray__": [[1.0, 0.0, 0.0, 0.0, 0.0], [-0.26436781609195403, 1.0, 0.0, 0.0, 0.0], [0.9195402298850575, -0.11195445920303604, 1.0, 0.0, 0.0], [-0.21839080459770116, -0.020872865275142316, 0.20000416025294337, 1.0, 0.0], [-0.1839080459770115, -0.04364326375711575, -0.041228106668885475, -0.9119349954731163, 1.0]], "dtype": "float64", "shape": [5, 5], "Corder": true}, "+"], [{"__ndarray__": [249.0, 356.0, 367.0, 400.0, 223.0, 275.0, 210.0, 226.0, 384.0], "dtype": "float64", "shape": [9]}, {"__ndarray__": [[0.2570871221787473, 0.14869906509244307, 0.5062253519120132, 0.044426811767023636, 0.32690131389364396, 0.41607409139000673, 0.6091861143370555, 0.04852989596245151, 0.010581109282218558], [0.0344243884786094, -0.5251543239568535, -0.07456504506299005, -0.296589269933527, 0.7029252229194382, -0.2601943336471758, -0.011779818188385138, 0.06488763043334297, 0.25169153252364357], [0.41164025618537703, -0.4595041684726875, -0.3284364928248954, -0.15317335167678656, -0.2046120318086878, 0.09248625743674968, 0.28632847545579204, -0.0867281338366579, -0.5900424194324332], [-0.06955969627133551, 0.5242502428393029, -0.44508475500091255, -0.6361616945227058, 0.036324806284803494, -0.03189743113040719, 0.3090584418740275, 0.12112840182804054, 0.07067420277572654], [0.0895445818888715, 0.1664945055905419, 0.5177243932617709, -0.5142910748004218, 0.08815688396861525, -0.10755281057355166, -0.42262773282332206, -0.1831944701965716, -0.44745260391415304], [0.49964788213632066, -0.08113123085676716, 0.20325362359694468, -0.16989746845242137, -0.36195066189847147, -0.15763065816082966, -0.10236806844940613, 0.6464958609064124, 0.2988322377461676], [-0.42697372567368946, -0.11548785525482327, -0.055930881160254985, -0.029011361693140374, 0.14566079588018957, 0.4676582086391555, -0.18621097164574527, 0.6448363799852114, -0.33162677790039646], [-0.16308785206595805, -0.3366258817990473, 0.08787249963324513, -0.4142178001941517, -0.3287723269128964, 0.5467121624291955, -0.07153717869000534, -0.30762050117080514, 0.41719783539085903], [0.5402448269570733, 0.23486591938527737, -0.33467081683388317, 0.12695976371956091, 0.2962395291074294, 0.44226314019419233, -0.4715579304245729, -0.09632831314665757, 0.09924525264836785]], "dtype": "float64", "shape": [9, 9], "Corder": false}, {"__ndarray__": [249.0, 351.08032128514054, 278.71342614305814, 321.133358840024, 146.59799031274764, 78.68739663824952, 89.51737304449142, 85.95928734292556, 159.92580867842827], "dtype": "float64", "shape": [9]}, {"__ndarray__": [[1.0, 0.0, 0.0, 0.0, 0.0, 0.0, 0.0, 0.0, 0.0], [-0.14056224899598393, 1.0, 0.0, 0.0, 0.0, 0.0, 0.0, 0.0, 0.0], [-0.14056224899598393, 0.48729681190587865, 1.0, 0.0, 0.0, 0.0, 0.0, 0.0, 0.0], [-0.15261044176706826, -0.42537663437010265, -0.18502084704075117, 1.0, 0.0, 0.0, 0.0, 0.0, 0.0], [0.4738955823293172, -0.02966174401445911, -0.23443116762184735, 0.12296825441991793, 1.0, 0.0, 0.0, 0.0, 0.0], [0.36947791164658633, 0.04822750203045104, 0.6446799239346814, -0.05142024726838066, 0.5529215691487417, 1.0, 0.0, 0.0, 0.0], [-0.321285140562249, 0.09329779567370938, -0.4241144691682678, -0.0969885623561932, -0.2523775691814467, -0.6095093086960198, 1.0, 0.0, 0.0], [-0.21285140562248994, 0.22658689758519315, 0.1391595736956958, -0.1590411057311665, 0.30593212154717075, -0.5678508879854444, 0.8057699433983498, 1.0, 0.0], [0.37751004016064255, -0.09623766000526203, 0.5119136999371513, 0.3748329937647469, -0.217617179713045, 0.3907407105558302, -0.3996098190677863, -0.6282492046664133, 1.0]], "dtype": "float64", "shape": [9, 9], "Corder": true}, "+"], [{"__ndarray__": [376.0, 349.0, 192.0, 262.0, 504.0, 177.0, 293.0, 397.0, 285.0], "dtype": "float64", "shape": [9]}, {"__ndarray__": [[0.5979379857265006, 0.06659506480241652, 0.2356381749655601, 0.014914969526630755, 0.19687816866172694, 0.08259495188075523, 0.22234181889170457, 0.5830254515869447, 0.3838618967209491], [0.008913340257853508, -0.3222510401150972, 0.6337340953672297, 0.37454731224834453, -0.020216388304391292, -0.5251998759834128, 0.001771550926530946, -0.24526115425491646, 0.13330582319838735], [-0.07244002170569959, -0.4105548182432488, 0.09772576148142804, 0.1592011376671586, 0.5120192093037941, 0.14926888636166757, -0.1737928920041773, 0.34397227938946473, -0.5986118010443772], [-0.13930104123943096, 0.2888322340127633, 0.48702927359345655, -0.08805438804005804, -0.50971121408516, 0.12505965571161948, 0.30059942508244253, 0.26221918264113714, -0.4665358706026462], [-0.6546500491508918, -0.22677218957217826, 0.10504157299184805, -0.35976493732126597, 0.23062434155531358, -0.015877200834351596, 0.40195195791736976, 0.20447796751754813, 0.35032393138797685], [0.10500858363413923, -0.09548618054940312, 0.4464969282441361, -0.20268975676281484, 0.13351167050219992, 0.695448657412724, -0.10787546531071908, -0.4583564055829293, 0.12732254492769454], [-0.4020602942291555, 0.28127439126293435, 0.1461255007180204, 0.3759787952442538, -0.07879541551740016, 0.19506133482854682, -0.5876283985414473, 0.3250842392204, 0.3182373029314305], [-0.01827122847674341, 0.632354594395543, 0.23134752570284012, -0.3162727635749571, 0.5282865951037303, -0.3324591082082938, -0.15221154540161275, -0.12302592619089306, -0.13536680635595727], [0.12711637691451805, -0.31655835706610186, 0.10411690773795239, -0.6438096100625781, -0.2873198474472605, -0.21666366259532135, -0.5369534539349086, 0.2003384272633967, 0.01872843422602417]], "dtype": "float64", "shape": [9, 9], "Corder": false}, {"__ndarray__": [376.0, 338.1063829787234, -140.80762695865585, 119.68665885463452, -79.33312704356476, 68.61532738087986, 108.72900228515864, 20.335521029860956, 102.00914238141277], "dtype": "float64", "shape": [9]}, {"__ndarray__": [[1.0, 0.0, 0.0, 0.0, 0.0, 0.0, 0.0, 0.0, 0.0], [0.1702127659574468, 1.0, 0.0, 0.0, 0.0, 0.0, 0.0, 0.0, 0.0], [-0.05319148936170213, 0.24963815996475994, 1.0, 0.0, 0.0, 0.0, 0.0, 0.0, 0.0], [-0.9042553191489362, 0.24214964445283496, -0.4011004775707976, 1.0, 0.0, 0.0, 0.0, 0.0, 0.0], [-0.5212765957446809, 0.19035932288716886, 0.3843399145681886, 0.07784818226100945, 1.0, 0.0, 0.0, 0.0, 0.0], [0.2952127659574468, 0.2753759989931408, -0.13770013863228653, 0.7577359325993531, 0.6931380598663118, 1.0, 0.0, 0.0, 0.0], [0.1622340425531915, -0.30281291296960544, 0.5300026948829402, 0.2228647711382937, -0.27761428856585096, -0.23241943474646706, 1.0, 0.0, 0.0], [-0.05851063829787234, 0.39852746837832737, -0.9730531817048285, 0.7736401461800829, 0.8153823819932657, 0.28914752519152553, -0.3405094372363402, 1.0, 0.0], [0.11968085106382978, 0.03058334906550878, -0.09596096039728741, 0.12390679323716076, -0.6854115802715083, 0.6289137401245806, 0.0928998172616431, 0.20477713052396437, 1.0]], "dtype": "float64", "shape": [9, 9], "Corder": true}, "+"], [{"__ndarray__": [287.0, 209.0, 261.0, 389.0, 516.0, 225.0, 319.0, 413.0, 385.0], "dtype": "float64", "shape": [9]}, {"__ndarray__": [[0.2432112052035321, 0.42296222794908445, 0.15129037294455924, 0.24836363261547387, 0.19319999126762463, 0.5997290304965552, 0.10325968859154279, 0.3996168179425609, 0.3316936558383737], [-0.03833016719400639, 0.07078712882878091, -0.2762800820798804, -0.5031120543492291, 0.651752383904523, 0.006024808895894462, -0.39967094925844754, -0.07968933182967278, 0.2704862882909603], [-0.05947100772588078, -0.2381362999839768, 0.4579164584228628, -0.6041378447401551, -0.2174280225968131, 0.26381013901031286, -0.1692929855601555, 0.4183952475894946, -0.21094750747009636], [0.39873193839811266, -0.34439242199861786, -0.3832891810421897, -0.13912536907532402, -0.3311293897016794, 0.5341137693607929, -0.032407418667985015, -0.3811039286141027, 0.12217037207132594], [0.5939153541727412, -0.3197151731536118, -0.1646310450972458, -0.05073619308757569, 0.04325562989306489, -0.44266043441212466, 0.17564418561229428, 0.49040331369468404, 0.21495026890163016], [-0.4073592357855262, -0.07996890836904112, 0.09180474769467474, -0.12784281064904954, -0.3245431543931191, -0.10727652438679751, 0.14686915348979776, -0.01920506668317626, 0.8149329028818891], [0.21177372607875994, 0.4426819182847743, 0.07883888623082855, -0.5114134817004035, -0.007812003626185084, -0.09107115302864707, 0.6358088611851271, -0.27029909352562165, -0.07586698018546092], [-0.40171411897633297, -0.4337874788328517, -0.24854761256980593, 0.015306094158958563, 0.361711999834734, 0.2638510930837182, 0.5812113021030799, 0.17898548304260892, -0.13471691286577592], [0.22793816956263277, -0.3847407212676662, 0.6638218749757637, 0.14198377262179998, 0.3779881862021797, 0.006900469412518167, 0.07354793978171387, -0.40951138424911265, 0.1522114851393598]], "dtype": "float64", "shape": [9, 9], "Corder": false}, {"__ndarray__": [287.0, 208.3170731707317, 213.2779032231087, 380.83451428981925, 173.4438615456499, -23.65290975890531, -80.49956030602544, 77.969766358605, 4.808082335227667], "dtype": "float64", "shape": [9]}, {"__ndarray__": [[1.0, 0.0, 0.0, 0.0, 0.0, 0.0, 0.0, 0.0, 0.0], [-0.04878048780487805, 1.0, 0.0, 0.0, 0.0, 0.0, 0.0, 0.0, 0.0], [-0.4076655052264808, 0.011005737033134295, 1.0, 0.0, 0.0, 0.0, 0.0, 0.0, 0.0], [-0.12195121951219512, -0.11380400421496312, 0.07498490735728885, 1.0, 0.0, 0.0, 0.0, 0.0, 0.0], [0.059233449477351915, -0.08242594543964407, 0.014625472679297378, 0.9449909593844411, 1.0, 0.0, 0.0, 0.0, 0.0], [-0.04878048780487805, -0.34410490574874136, 0.5770949756596336, 0.1888106599343115, 0.8139259027564847, 1.0, 0.0, 0.0, 0.0], [-0.8606271777003485, 0.20138157124458494, -0.21171946647409987, -0.14694514960164623, -0.3768808733307521, 0.12233562246111972, 1.0, 0.0, 0.0], [0.6236933797909407, 0.4115443156539047, 0.32365558628545005, -0.0015498126909207779, 0.15573862493494864, -0.8045153665946954, -0.663706295361592, 1.0, 0.0], [-0.5679442508710801, -0.15337782461070135, 0.13082541110100143, -0.4584838309921945, -0.4634646972505636, -0.27752461456377264, 0.15827792945218597, 0.04469167530482649, 1.0]], "dtype": "float64", "shape": [9, 9], "Corder": true}, "+"], [{"__ndarray__": [380.0, 162.0, 277.0, 363.0, 302.0, 265.0, 218.0], "dtype": "float64", "shape": [7]}, {"__ndarray__": [[0.45172005460356346, 0.5989303220997272, 0.09927306288432257, 0.19912123738439472, 0.295846020245593, 0.4539590383472624, 0.3067953343097247], [0.41550041946978233, -0.1556727998407736, -0.0225476618783588, -0.07325046760518408, -0.05312079170513928, 0.40142866046359515, -0.7957917848260514], [-0.3391209145078102, 0.023278021094869747, 0.717339759879448, 0.4882701806410222, 0.23238802301038236, -0.028651121844368396, -0.27685006528545064], [0.523113320567671, -0.3684047282832339, 0.17297435313020162, -0.1261116442181422, 0.577701467431664, -0.4513651115058917, 0.08565446291689964], [-0.42310876040296636, 0.2793059036485346, -0.037154991005983976, -0.6215124694522941, 0.5511735774542292, 0.10871314271900409, -0.1992437856809124], [-0.18276635406850053, -0.6343224011785685, -0.01243358554459755, 0.04128766385377075, 0.2211734461374239, 0.6355129067077503, 0.3310255852334181], [0.14910831488623344, -0.02019510143189491, 0.666036723145593, -0.559187593600143, -0.41133943322041744, 0.11193600583185362, 0.19832646866069573]], "dtype": "float64", "shape": [7, 7], "Corder": false}, {"__ndarray__": [380.0, 158.47105263157894, 206.44572311064616, 149.46209481935858, 130.86008995298263, 138.3382633038082, -0.9612569861756413], "dtype": "float64", "shape": [7]}, {"__ndarray__": [[1.0, 0.0, 0.0, 0.0, 0.0, 0.0, 0.0], [0.23421052631578948, 1.0, 0.0, 0.0, 0.0, 0.0, 0.0], [-0.17894736842105263, -0.6783241169730483, 1.0, 0.0, 0.0, 0.0, 0.0], [-0.1631578947368421, -0.8595625965226921, -0.05367249157513838, 1.0, 0.0, 0.0, 0.0], [0.07368421052631578, 0.3342466663345456, 0.2459744263874829, -0.6010819225383102, 1.0, 0.0, 0.0], [-0.5894736842105263, 0.4370049319982065, 0.2302320109749432, -0.6066990336138713, 0.9755910589179871, 1.0, 0.0], [0.2868421052631579, 0.8249721848585995, -0.17673575877647565, -0.655623321673757, 0.6604272630403939, 0.41663652835745, 1.0]], "dtype": "float64", "shape": [7, 7], "Corder": true}, "+"], [{"__ndarray__": [97.0, 63.0, 118.0, 190.0], "dtype": "float64", "shape": [4]}, {"__ndarray__": [[0.411815116830066, 0.20440028512528935, 0.8851544844129972, 0.07162661317206592], [0.401810296479195, 0.30312553366036366, -0.32183069305381395, 0.8019279278681612], [-0.5172518916682278, -0.5348466155869398, 0.3165452230915488, 0.5883780248265205], [-0.633567104385305, 0.7617575284032423, 0.1128080913320699, 0.07478319792452684]], "dtype": "float64", "shape": [4, 4], "Corder": false}, {"__ndarray__": [97.0, -63.30927835051546, -23.043478260869563, 64.10956116175541], "dtype": "float64", "shape": [4]}, {"__ndarray__": [[1.0, 0.0, 0.0, 0.0], [-0.5360824742268041, 1.0, 0.0, 0.0], [-0.35051546391752575, 0.2753623188405797, 1.0, 0.0], [0.3402061855670103, -0.8177821201758672, -0.4509857960568161, 1.0]], "dtype": "float64", "shape": [4, 4], "Corder": true}, "+"], [{"__ndarray__": [365.0, 145.0, 190.0, 196.0, 139.0, 218.0], "dtype": "float64", "shape": [6]}, {"__ndarray__": [[0.7996297480922323, 0.039482987916399495, 0.012520381488011536, 0.08365009760575863, 0.3042155945750753, 0.5092466326510388], [0.13495608176179097, 0.34115569631370407, -0.6168072879157844, 0.156543551490959, 0.4433054595241026, -0.5137341749240683], [-0.30379718314146137, -0.3255027917517784, -0.6448604067476403, 0.342975090982406, -0.08286486546997841, 0.5112844227263652], [-0.16519014332396156, 0.6260728465618883, -0.2414899271832451, -0.6031531692228489, -0.11138521926352374, 0.3823966655210067], [0.23875964941170286, 0.4393843544568055, -0.033498696437156375, 0.49296140276201084, -0.708118833730816, -0.06610468146060614], [-0.40717617788640553, 0.43712240500364946, 0.37961495997481315, 0.4940244674771677, 0.4361508980724748, 0.25443322309289557]], "dtype": "float64", "shape": [6, 6], "Corder": false}, {"__ndarray__": [365.0, 132.7013698630137, 120.22171525311751, 53.990924872992025, 68.93913026653534, 64.73267780903524], "dtype": "float64", "shape": [6]}, {"__ndarray__": [[1.0, 0.0, 0.0, 0.0, 0.0, 0.0], [0.18356164383561643, 1.0, 0.0, 0.0, 0.0, 0.0], [-0.3780821917808219, 0.36421256916343214, 1.0, 0.0, 0.0, 0.0], [-0.18904109589041096, 0.7209100668923941, -0.706447590519004, 1.0, 0.0, 0.0], [0.29315068493150687, 0.371954744404988, -0.40360710753574713, 0.11790087151009837, 1.0, 0.0], [-0.452054794520548, 0.10766785035923694, -0.7285481737348017, -0.24759256778459493, 0.3812160684788439, 1.0]], "dtype": "float64", "shape": [6, 6], "Corder": true}, "+"], [{"__ndarray__": [190.0, 102.0, 178.0, 108.0, 59.0, 319.0], "dtype": "float64", "shape": [6]}, {"__ndarray__": [[0.42633953556221543, 0.5042443703110681, 0.4345349017971701, 0.06755990259184597, 0.5177241563283987, 0.3202327154775734], [0.015744803195433144, 0.41666938611210824, 0.4682562137980071, -0.308037935588527, -0.7081377350972285, -0.10260809158432771], [0.4308568224678624, 0.2932161929928481, -0.6815334531388559, -0.027836412895069145, -0.3150971528761821, 0.40476874054052686], [0.4669192856002899, 0.14598169824042612, -0.1943533465153681, -0.17932234064714445, 0.16382981809836838, -0.8148041421460245], [-0.1781206261922253, -0.029688710036720987, -0.11137040355995163, -0.9195045116769847, 0.2791648019386688, 0.17767026368065153], [0.6185535735740544, -0.6811434695631532, 0.2779408201784635, -0.14875609254001454, -0.16261375832056482, 0.16616961667479074]], "dtype": "float64", "shape": [6, 6], "Corder": false}, {"__ndarray__": [190.0, -70.5, 141.87308697275103, 27.69266308494572, 40.98565295364382, -43.2877543400224], "dtype": "float64", "shape": [6]}, {"__ndarray__": [[1.0, 0.0, 0.0, 0.0, 0.0, 0.0], [0.07894736842105263, 1.0, 0.0, 0.0, 0.0, 0.0], [0.39473684210526316, 0.5886524822695035, 1.0, 0.0, 0.0, 0.0], [0.5, -0.7730496453900709, -0.23214708559821934, 1.0, 0.0, 0.0], [-0.23157894736842105, -0.2836879432624113, -0.010492583101363402, 0.6335659015187299, 1.0, 0.0], [0.4789473684210526, 0.5035460992907801, 0.5110214219186588, 0.36685323806132436, 0.17376665979182357, 1.0]], "dtype": "float64", "shape": [6, 6], "Corder": true}, "+"], [{"__ndarray__": [182.0, 137.0, 155.0, 244.0, 302.0, 180.0], "dtype": "float64", "shape": [6]}, {"__ndarray__": [[0.28288138963077747, 0.5403309075343616, 0.023599861334774586, 0.6565924390293562, 0.10821277246242457, 0.42969761599770345], [-0.02067738588334933, 0.12300086336701277, 0.6483658493043372, 0.21739420330190568, -0.6274717275067794, -0.3508332229567975], [-0.08173571081255665, -0.03356823113292918, -0.7155718312715007, 0.4185927057113234, -0.3681282019931393, -0.41159588840256256], [-0.5255274647563748, 0.5046924943631768, -0.1816192216923785, -0.36097227553106104, -0.40625968385615935, 0.3751971665712418], [0.7966881705644486, 0.10435775152029597, -0.18428744062798383, -0.4104784206319673, -0.3819502226448717, 0.07782706100134162], [0.044482371350539514, 0.6528257176795138, -0.008621126970261454, -0.2182034798047405, 0.3848609497566343, -0.6132168196474614]], "dtype": "float64", "shape": [6, 6], "Corder": false}, {"__ndarray__": [182.0, 130.26923076923077, 74.42127462145177, 217.47076886107544, 149.9377660996393, 0.99410677050912], "dtype": "float64", "shape": [6]}, {"__ndarray__": [[1.0, 0.0, 0.0, 0.0, 0.0, 0.0], [0.19230769230769232, 1.0, 0.0, 0.0, 0.0, 0.0], [-0.016483516483516484, -0.7862415116622379, 1.0, 0.0, 0.0, 0.0], [0.13186813186813187, 0.002952465308532621, 0.5602968397022535, 1.0, 0.0, 0.0], [0.521978021978022, -0.35518157661647476, -0.4812179858471799, -0.5624895469884214, 1.0, 0.0], [0.7472527472527473, -0.08562149394744611, -0.38332934720882494, 0.5383846990135192, 0.127914113530282, 1.0]], "dtype": "float64", "shape": [6, 6], "Corder": true}, "+"], [{"__ndarray__": [41.0, 187.0, 81.0], "dtype": "float64", "shape": [3]}, {"__ndarray__": [[0.3902555824649949, 0.28935835637146373, 0.8740551023550589], [0.9198281588406878, -0.08107320543096154, -0.38385321877626527], [0.040208687601784254, -0.9537813569991573, 0.2977992351940951]], "dtype": "float64", "shape": [3, 3], "Corder": false}, {"__ndarray__": [77.0, 66.0, 0.11334120425031102], "dtype": "float64", "shape": [3]}, {"__ndarray__": [[1.0, 0.0, 0.0], [-0.27272727272727276, 1.0, 0.0], [0.5324675324675325, -0.3419913419913422, 1.0]], "dtype": "float64", "shape": [3, 3], "Corder": true}, "+"], [{"__ndarray__": [109.0, 90.0, 95.0, 54.0], "dtype": "float64", "shape": [4]}, {"__ndarray__": [[0.6791735045548755, 0.08589426595672278, 0.032698996892680646, 0.7282007287751209], [-0.6107211268340753, 0.017316127595083088, 0.5773659489492524, 0.5416349489809144], [0.09692103180108397, 0.9328503483200238, 0.2741150785441439, -0.21273801951828405], [0.3954103811785674, -0.3494460679991652, 0.768401106396184, -0.36207432345481666]], "dtype": "float64", "shape": [4, 4], "Corder": false}, {"__ndarray__": [109.0, 10.357798165137616, -31.966341895482735, -0.03591022443889358], "dtype": "float64", "shape": [4]}, {"__ndarray__": [[1.0, 0.0, 0.0, 0.0], [0.22018348623853212, 1.0, 0.0, 0.0], [0.5504587155963303, -0.058458813108945906, 1.0, 0.0], [-0.8899082568807339, 0.3551815766164744, 0.6728179551122184, 1.0]], "dtype": "float64", "shape": [4, 4], "Corder": true}, "+"], [{"__ndarray__": [193.0, 72.0, 195.0, 82.0], "dtype": "float64", "shape": [4]}, {"__ndarray__": [[0.8495785032093325, 0.11945699012306604, 0.26037976031250276, 0.4428868645770968], [-0.35049152956198004, -0.0671463309406218, 0.9223250177057792, 0.14820128090050622], [0.0032295366946959157, 0.9357835967794572, 0.12247543788596618, -0.3306030810592677], [0.39415938994603666, -0.3248545178236751, 0.25791221228991645, -0.8201153628110115]], "dtype": "float64", "shape": [4, 4], "Corder": false}, {"__ndarray__": [193.0, 50.777202072538856, 192.14816326530612, 33.7160227120653], "dtype": "float64", "shape": [4]}, {"__ndarray__": [[1.0, 0.0, 0.0, 0.0], [-0.3316062176165803, 1.0, 0.0, 0.0], [0.11917098445595856, -0.04673469387755101, 1.0, 0.0], [0.3626943005181347, 0.02387755102040818, -0.34496976185469125, 1.0]], "dtype": "float64", "shape": [4, 4], "Corder": true}, "+"], [{"__ndarray__": [333.0, 288.0, 255.0, 117.0, 222.0, 172.0], "dtype": "float64", "shape": [6]}, {"__ndarray__": [[0.7407234148150896, 0.21017534836911506, 0.007503151979708304, 0.19945856156449684, 0.5113155761504073, 0.3253790285153024], [-0.41058836844002256, 0.674639300416306, 0.1511077180999329, -0.11178909510810524, -0.01260242415747781, 0.5837720793995325], [-0.22509977887274543, -0.6042019486514362, 0.5366789742425524, -0.1148818582481773, 0.36518536920217404, 0.3868947895349942], [-0.2011715570377132, 0.1505445493322951, -0.24125275431673127, -0.5571413542265765, 0.6701218797642288, -0.3452443040975214], [0.41465456687127433, 0.14082819433968605, 0.5150279614357529, -0.645730251273027, -0.328236747135146, -0.1351602353215001], [-0.14024157304341467, 0.3051751969981915, 0.6046727596980749, 0.4551346977329107, 0.2196235659108527, -0.5159352190175731]], "dtype": "float64", "shape": [6, 6], "Corder": false}, {"__ndarray__": [333.0, 257.3663663663664, 150.41447790625767, 90.38622789654652, 143.49877636912464, 82.06542693352833], "dtype": "float64", "shape": [6]}, {"__ndarray__": [[1.0, 0.0, 0.0, 0.0, 0.0, 0.0], [-0.3033033033033033, 1.0, 0.0, 0.0, 0.0, 0.0], [-0.37237237237237236, -0.4764010594728305, 1.0, 0.0, 0.0, 0.0], [-0.18618618618618618, 0.2222325939582045, -0.12524881754455752, 1.0, 0.0, 0.0], [0.43843843843843844, 0.06715050815023978, 0.2965117758381602, -0.03398137234025281, 1.0, 0.0], [-0.04504504504504504, 0.4369275287912908, 0.3988042174011393, -0.4234027949724496, -0.0004287290096606188, 1.0]], "dtype": "float64", "shape": [6, 6], "Corder": true}, "+"], [{"__ndarray__": [101.0, 40.0, 146.0], "dtype": "float64", "shape": [3]}, {"__ndarray__": [[0.5548588194004261, 0.8114015933914687, 0.1837366179490396], [0.3228674278655179, -0.41355887766553856, 0.8513082160578069], [-0.7667387524816193, 0.4130333024658021, 0.49144193603835207]], "dtype": "float64", "shape": [3, 3], "Corder": false}, {"__ndarray__": [101.0, -37.26732673267327, 31.438894792773652], "dtype": "float64", "shape": [3]}, {"__ndarray__": [[1.0, 0.0, 0.0], [-0.8118811881188119, 1.0, 0.0], [0.27722772277227725, -0.8650371944739639, 1.0]], "dtype": "float64", "shape": [3, 3], "Corder": true}, "+"], [{"__ndarray__": [189.0, 194.0, 216.0, 190.0, 121.0], "dtype": "float64", "shape": [5]}, {"__ndarray__": [[0.1522403922129234, 0.6971242913587391, 0.17134528315949132, 0.6546503360166611, 0.18142303290568615], [-0.7513911465279434, -0.06890315082536824, 0.008177457783508577, 0.3918415185297177, -0.5263620942528844], [-0.4159514167111375, 0.4579917342566564, -0.6610169637651891, -0.300966320152093, 0.2995059899857366], [-0.4683480129722806, 0.09272707194829197, 0.6962109316569071, -0.2959174656044112, 0.4469619906261564], [-0.14095660885248032, -0.5393656827092254, -0.2211805492787848, 0.4896379168262683, 0.6328900139543895]], "dtype": "float64", "shape": [5, 5], "Corder": false}, {"__ndarray__": [189.0, 192.64550264550263, 187.56385608349353, 127.88921689216892, 6.403615339531527], "dtype": "float64", "shape": [5]}, {"__ndarray__": [[1.0, 0.0, 0.0, 0.0, 0.0], [-0.08465608465608465, 1.0, 0.0, 0.0, 0.0], [0.06349206349206349, 0.37901675363911014, 1.0, 0.0, 0.0], [-0.010582010582010581, 0.4818731117824774, -0.3042025420254203, 1.0, 0.0], [-0.37566137566137564, 0.3010162043394672, -0.2477610847537047, -0.6789584761308765, 1.0]], "dtype": "float64", "shape": [5, 5], "Corder": true}, "+"], [{"__ndarray__": [133.0, 227.0, 283.0, 203.0, 155.0, 180.0, 363.0], "dtype": "float64", "shape": [7]}, {"__ndarray__": [[0.19481552658158796, 0.3154309149580047, 0.3344645928259796, 0.3188397991263417, 0.04303948448283415, 0.7462981664975284, 0.3003523207637978], [0.24581938856318353, 0.5948653208610174, 0.23138586904055208, -0.3326343305649641, -0.15743285098404655, -0.4467872947237921, 0.44398093504757485], [-0.5760348267766615, -0.03166746552305328, 0.36951385503360434, -0.2960461727090337, -0.631427705575967, 0.1939436931069739, -0.08174424178719415], [-0.21831800621254782, -0.2323292043944213, 0.7365036542859577, 0.27869283689869606, 0.3994256297768876, -0.33983703951933925, 0.05677157459229264], [-0.39393186437947786, -0.24908830599150875, -0.32915987441012484, 0.16293815325927757, -0.012543916967026265, -0.036819640617291066, 0.8039680351528254], [0.17301130559557146, -0.3841739113648905, 0.13622171856717663, -0.7508070984904507, 0.3540811502199878, 0.2792383867216043, 0.19199557455753918], [-0.5805390940113736, 0.5310596218724976, -0.16945003506830733, -0.179227257907856, 0.5381355854437693, 0.10481902440163497, -0.13977617029327966]], "dtype": "float64", "shape": [7, 7], "Corder": false}, {"__ndarray__": [133.0, 159.14285714285717, 256.6499574789757, 136.28226244248933, 56.53592388458419, 78.45874603172672, -36.34070849979304], "dtype": "float64", "shape": [7]}, {"__ndarray__": [[1.0, 0.0, 0.0, 0.0, 0.0, 0.0, 0.0], [0.7142857142857142, 1.0, 0.0, 0.0, 0.0, 0.0, 0.0], [-0.42105263157894735, -0.1319569120287253, 1.0, 0.0, 0.0, 0.0, 0.0], [0.0, -0.40215439856373425, 0.3995900043683533, 1.0, 0.0, 0.0, 0.0], [-0.12781954887218044, 0.2899461400359066, 0.6776972648365237, -0.329789988617202, 1.0, 0.0, 0.0], [-0.3233082706766917, -0.02692998204667865, -0.17794973834981548, 0.20197840087549523, -0.876663276284556, 1.0, 0.0], [-0.744360902255639, -0.4730700179533214, 0.23526720865173256, -0.1717336672517612, 0.48584708685634803, -0.1101545143992729, 1.0]], "dtype": "float64", "shape": [7, 7], "Corder": true}, "+"], [{"__ndarray__": [223.0, 74.0, 57.0, 166.0, 43.0], "dtype": "float64", "shape": [5]}, {"__ndarray__": [[0.7367063251950507, 0.6281788526556527, 0.1898716147799656, 0.1067218586434743, 0.12334639955168127], [0.30643476381254453, -0.3866441737590204, -0.11329661257633025, 0.7821073369464624, -0.3634226320671241], [-0.07011627090913654, 0.15572556028905105, -0.7599495476118289, 0.25963881963244134, 0.5708744405304087], [0.5978187778231686, -0.5370774897734957, -0.29419058142556903, -0.513596756530853, 0.06189307184238825], [-0.03252604157539648, 0.3784110619758546, -0.5357622927797729, -0.21383314383662613, -0.7231744443950212]], "dtype": "float64", "shape": [5, 5], "Corder": false}, {"__ndarray__": [223.0, 61.87443946188341, 54.92636614002029, 86.93028260634354, 7.30243295909316], "dtype": "float64", "shape": [5]}, {"__ndarray__": [[1.0, 0.0, 0.0, 0.0